

Results from heasarc_milliquas: Million Quasars Catalog (MILLIQUAS), Version 6.0 (15 March 2019)
Coordinate system:  Equatorial
|name                     |ra         |dec        |
|WISEA J055431.47-431632.4|05 54 31.48|-43 16 32.5|
|WISEA J095244.92-431631.2|09 52 44.93|-43 16 31.3|
|WISEA J050310.49-431630.1|05 03 10.49|-43 16 30.1|
|WISEA J200949.47-431629.9|20 09 49.48|-43 16 30.0|
|WISEA J130532.19-431629.1|13 05 32.20|-43 16 29.2|
|WISEA J213253.22-431629.1|21 32 53.22|-43 16 29.2|
|WISEA J125759.35-431627.0|12 57 59.36|-43 16 27.1|
|WISEA J095142.02-431626.9|09 51 42.02|-43 16 26.9|
|WISEA J122754.06-431626.5|12 27 54.07|-43 16 26.5|
|WISEA J053425.45-431624.3|05 34 25.46|-43 16 24.3|
|WISEA J134136.66-431624.0|13 41 36.67|-43 16 24.1|
|WISEA J032156.97-431623.5|03 21 56.97|-43 16 23.6|
|WISEA J051140.88-431621.8|05 11 40.88|-43 16 21.9|
|WISEA J023214.12-431621.3|02 32 14.13|-43 16 21.4|
|WISEA J050253.67-431619.3|05 02 53.68|-43 16 19.3|
|WISEA J000341.56-431619.2|00 03 41.57|-43 16 19.3|
|WISEA J055414.79-431618.1|05 54 14.80|-43 16 18.1|
|J214017.48-431616.5      |21 40 17.48|-43 16 16.5|
|WISEA J033223.10-431616.1|03 32 23.11|-43 16 16.1|
|WISEA J002100.96-431614.7|00 21 00.96|-43 16 14.8|
|SW002927.72-431614.4     |00 29 27.72|-43 16 14.4|
|WISEA J201514.03-431614.3|20 15 14.03|-43 16 14.4|
|WISEA J211156.14-431613.6|21 11 56.15|-43 16 13.7|
|J052943.93-431613.2      |05 29 43.93|-43 16 13.2|
|WISEA J032813.07-431613.1|03 28 13.07|-43 16 13.2|
|WISEA J020237.37-431612.1|02 02 37.38|-43 16 12.2|
|WISEA J191120.08-431611.9|19 11 20.08|-43 16 11.9|
|WISEA J214553.60-431611.8|21 45 53.61|-43 16 11.9|
|WISEA J201945.20-431611.7|20 19 45.20|-43 16 11.8|
|XMM J00350-4316          |00 35 04.40|-43 16 11.0|
|WISEA J140608.56-431610.3|14 06 08.57|-43 16 10.4|
|WISEA J200428.50-431609.6|20 04 28.50|-43 16 09.6|
|WISEA J060806.03-431608.7|06 08 06.04|-43 16 08.7|
|WISEA J201544.70-431608.6|20 15 44.71|-43 16 08.7|
|WISEA J045833.84-431608.4|04 58 33.85|-43 16 08.5|
|WISEA J031331.33-431608.0|03 13 31.33|-43 16 08.1|
|SVA1_COADD-2970971277    |00 31 26.55|-43 16 07.0|
|WISEA J222118.19-431606.5|22 21 18.19|-43 16 06.5|
|WISEA J131601.61-431606.1|13 16 01.62|-43 16 06.2|
|WISEA J005050.75-431605.7|00 50 50.75|-43 16 05.7|
|WISEA J222709.58-431603.2|22 27 09.58|-43 16 03.2|
|WISEA J004253.56-431601.9|00 42 53.57|-43 16 01.9|
|WISEA J062810.65-431601.4|06 28 10.66|-43 16 01.5|
|WISEA J024905.67-431601.2|02 49 05.68|-43 16 01.3|
|WISEA J063637.09-431601.2|06 36 37.09|-43 16 01.3|
|J211509.61-431600.1      |21 15 09.61|-43 16 00.1|
|WISEA J033308.90-431559.9|03 33 08.90|-43 15 59.9|
|J040342.94-431559.9      |04 03 42.95|-43 15 59.9|
|WISEA J032131.55-431556.6|03 21 31.55|-43 15 56.6|
|WISEA J121750.29-431556.3|12 17 50.29|-43 15 56.3|
|WISEA J011100.27-431554.8|01 11 00.27|-43 15 54.9|
|XMM J00347-4315          |00 34 44.60|-43 15 54.0|
|WISEA J121753.42-431553.6|12 17 53.43|-43 15 53.7|
|J013234.67-431553.6      |01 32 34.67|-43 15 53.6|
|WISEA J065738.75-431553.3|06 57 38.76|-43 15 53.3|
|WISEA J001936.23-431552.8|00 19 36.23|-43 15 52.9|
|WISEA J055533.83-431551.7|05 55 33.84|-43 15 51.7|
|WISEA J064722.00-431550.8|06 47 22.01|-43 15 50.9|
|ESO 265-23               |11 20 48.01|-43 15 50.4|
|WISEA J105255.64-431547.5|10 52 55.65|-43 15 47.6|
|J040303.00-431547.3      |04 03 03.00|-43 15 47.3|
|PGC 3095693              |04 38 00.62|-43 15 46.0|
|WISEA J033823.49-431543.9|03 38 23.49|-43 15 44.0|
|WISEA J220916.02-431543.8|22 09 16.02|-43 15 43.8|
|WISEA J031236.03-431543.8|03 12 36.04|-43 15 43.8|
|WISEA J233843.16-431543.7|23 38 43.17|-43 15 43.8|
|WISEA J041549.41-431542.6|04 15 49.41|-43 15 42.6|
|WISEA J074016.42-431542.6|07 40 16.42|-43 15 42.6|
|WISEA J030323.91-431540.3|03 03 23.91|-43 15 40.3|
|WISEA J065618.14-431540.1|06 56 18.14|-43 15 40.2|
|Q 2122-4328              |21 25 44.05|-43 15 39.5|
|WISEA J055827.96-431539.2|05 58 27.96|-43 15 39.3|
|WISEA J032454.85-431536.9|03 24 54.86|-43 15 37.0|
|Q 2114-4328              |21 18 00.99|-43 15 36.5|
|WISEA J150803.55-431536.1|15 08 03.56|-43 15 36.2|
|J015839.06-431535.6      |01 58 39.06|-43 15 35.6|
|WISEA J115022.46-431535.0|11 50 22.46|-43 15 35.1|
|WISEA J041009.43-431533.6|04 10 09.43|-43 15 33.7|
|WISEA J061539.98-431533.6|06 15 39.99|-43 15 33.6|
|WISEA J001123.56-431532.5|00 11 23.56|-43 15 32.5|
|J225711.43-431532.4      |22 57 11.43|-43 15 32.4|
|WISEA J224955.85-431529.6|22 49 55.85|-43 15 29.6|
|XMM J00342-4315          |00 34 12.84|-43 15 29.6|
|WISEA J202521.27-431528.3|20 25 21.27|-43 15 28.4|
|WISEA J231138.38-431528.3|23 11 38.39|-43 15 28.3|
|WISEA J222917.82-431527.5|22 29 17.82|-43 15 27.6|
|WISEA J015732.70-431526.3|01 57 32.71|-43 15 26.4|
|WISEA J125448.19-431525.8|12 54 48.19|-43 15 25.9|
|WISEA J144407.40-431524.6|14 44 07.41|-43 15 24.6|
|ATLAS S1053              |00 33 14.00|-43 15 23.3|
|WISEA J034625.19-431521.9|03 46 25.19|-43 15 22.0|
|WISEA J012107.02-431521.4|01 21 07.03|-43 15 21.5|
|J233833.50-431521.2      |23 38 33.50|-43 15 21.2|
|WISEA J051644.18-431520.3|05 16 44.18|-43 15 20.3|
|WISEA J192858.88-431519.1|19 28 58.88|-43 15 19.1|
|WISEA J203216.38-431518.2|20 32 16.38|-43 15 18.3|
|WISEA J052130.82-431517.2|05 21 30.82|-43 15 17.2|
